station id,latitude,longitude,station name,incoming trips,outgoing trips,all trips,kind,bikes outbound,outbound trips,bikes inbound,inbound trips,delta bikes,delta trips
72,40.76727216,-73.99392888,W 52 St & 11 Ave,133,147,280,active,3,25,13,128,10,103
79,40.71911552,-74.00666661,Franklin St & W Broadway,113,114,227,active,2,29,10,85,8,56
82,40.71117416,-74.00016545,St James Pl & Pearl St,53,46,99,active,16,125,9,41,-7,-84
83,40.68382604,-73.97632328,Atlantic Ave & Fort Greene Pl,41,51,92,active,24,110,10,33,-14,-77
116,40.74177603,-74.00149746,W 17 St & 8 Ave,265,267,532,active,8,105,15,162,7,57
119,40.69608941,-73.97803415,Park Ave & St Edwards St,13,16,29,active,8,59,3,14,-5,-45
120,40.68676793,-73.95928168,Lexington Ave & Classon Ave,24,16,40,active,15,111,5,33,-10,-78
127,40.73172428,-74.00674436,Barrow St & Hudson St,293,293,586,active,26,235,30,319,4,84
128,40.72710258,-74.00297088,MacDougal St & Prince St,274,279,553,active,6,73,27,298,21,225
137,40.761628,-73.972924,E 56 St & Madison Ave,93,94,187,active,0,0,9,58,9,58
143,40.69239502,-73.99337909,Clinton St & Joralemon St,48,42,90,active,21,124,13,85,-8,-39
144,40.69839895,-73.98068914,Nassau St & Navy St,17,21,38,active,3,11,1,1,-2,-10
146,40.71625008,-74.0091059,Hudson St & Reade St,105,107,212,active,1,19,9,111,8,92
147,40.71542197,-74.01121978,Greenwich St & Warren St,214,217,431,active,1,14,20,149,19,135
150,40.720873600000004,-73.98085795,E 2 St & Avenue C,144,150,294,active,25,281,10,114,-15,-167
151,40.72210378668603,-73.99724900722505,Cleveland Pl & Spring St,321,321,642,active,3,23,38,313,35,290
152,40.71473993,-74.00910627,Warren St & Church St,122,123,245,active,3,31,10,68,7,37
153,40.752062306999996,-73.9816324043,E 40 St & 5 Ave,242,243,485,active,0,0,23,179,23,179
157,40.69089272,-73.99612349,Henry St & Atlantic Ave,48,49,97,active,20,134,14,78,-6,-56
161,40.72917025,-73.99810231,LaGuardia Pl & W 3 St,199,215,414,active,10,114,24,249,14,135
164,40.75323098,-73.97032517,E 47 St & 2 Ave,129,131,260,active,1,15,11,89,10,74
167,40.7489006,-73.97604882,E 39 St & 3 Ave,209,213,422,active,0,0,14,140,14,140
168,40.73971301,-73.99456405,W 18 St & 6 Ave,310,312,622,active,2,39,28,291,26,252
173,40.76068327096592,-73.98452728986742,Broadway & W 49 St,257,262,519,active,0,0,23,221,23,221
174,40.7381765,-73.97738662,E 25 St & 1 Ave,109,113,222,active,14,156,7,76,-7,-80
195,40.70905623,-74.01043382,Liberty St & Broadway,162,165,327,active,3,20,20,173,17,153
212,40.74334935,-74.00681753,W 16 St & The High Line,227,227,454,active,4,56,18,166,14,110
216,40.70037867,-73.99548059,Columbia Heights & Cranberry St,28,27,55,active,8,67,11,88,3,21
217,40.70277159,-73.99383605,Old Fulton St,65,72,137,active,16,93,17,87,1,-6
223,40.73781509,-73.99994661,W 13 St & 7 Ave,166,171,337,active,5,51,26,273,21,222
224,40.71146364,-74.00552427,Spruce St & Nassau St,70,71,141,active,0,0,4,63,4,63
225,40.74195138,-74.00803013,W 14 St & The High Line,173,187,360,active,0,0,27,241,27,241
228,40.7546011026,-73.971878855,E 48 St & 3 Ave,150,146,296,active,5,54,13,93,8,39
229,40.72743423,-73.99379025,Great Jones St,308,309,617,active,2,38,35,348,33,310
232,40.69597683,-73.99014892,Cadman Plaza E & Tillary St,55,46,101,active,12,51,7,37,-5,-14
233,40.69475701363877,-73.99052739143372,Cadman Plaza W & Pierrepont St,0,0,0,inactive,0,0,0,0,0,0
236,40.7284186,-73.98713956,St Marks Pl & 2 Ave,177,188,365,active,27,266,25,212,-2,-54
237,40.73047309,-73.98672378,E 11 St & 2 Ave,184,191,375,active,29,338,30,327,1,-11
238,40.7361967,-74.00859207,Bank St & Washington St,158,163,321,active,29,215,8,102,-21,-113
239,40.69196566,-73.9813018,Willoughby St & Fleet St,55,56,111,active,3,43,22,88,19,45
241,40.68981035,-73.97493121,DeKalb Ave & S Portland Ave,48,40,88,active,23,124,11,47,-12,-77
242,40.697787,-73.973736,Carlton Ave & Flushing Ave,46,46,92,active,6,58,12,104,6,46
243,40.688226,-73.979382,Fulton St & Rockwell Pl,33,50,83,active,0,0,13,82,13,82
244,40.69196035,-73.96536851,Willoughby Ave & Hall St,39,35,74,active,28,145,9,64,-19,-81
245,40.69327018,-73.97703874,Myrtle Ave & St Edwards St,21,22,43,active,9,64,3,17,-6,-47
247,40.73535398,-74.00483091,Perry St & Bleecker St,108,107,215,active,15,134,13,97,-2,-37
248,40.72185379,-74.00771779,Laight St & Hudson St,51,52,103,active,1,8,6,50,5,42
249,40.71870987,-74.0090009,Harrison St & Hudson St,79,80,159,active,0,0,8,58,8,58
250,40.72456089,-73.99565293,Lafayette St & Jersey St,323,324,647,active,3,34,37,379,34,345
251,40.72317958,-73.99480012,Mott St & Prince St,217,218,435,active,8,87,31,400,23,313
252,40.73226398,-73.99852205,MacDougal St & Washington Sq,142,124,266,active,28,229,22,221,-6,-8
253,40.73543934,-73.99453948,W 13 St & 5 Ave,133,132,265,active,3,25,11,102,8,77
254,40.73532427,-73.99800419,W 11 St & 6 Ave,117,111,228,active,8,85,9,106,1,21
257,40.71939226,-74.00247214,Lispenard St & Broadway,145,138,283,active,7,62,14,100,7,38
258,40.68940747,-73.96885458,DeKalb Ave & Vanderbilt Ave,51,41,92,active,26,143,14,80,-12,-63
259,40.70122128,-74.01234218,South St & Whitehall St,108,109,217,active,0,0,19,139,19,139
260,40.70365182,-74.01167797,Broad St & Bridge St,87,92,179,active,0,0,3,13,3,13
261,40.69474881,-73.98362464,Johnson St & Gold St,61,61,122,active,15,142,8,53,-7,-89
262,40.6917823,-73.97372990000002,Washington Park,40,33,73,active,25,133,6,14,-19,-119
263,40.71729000000001,-73.996375,Elizabeth St & Hester St,148,140,288,active,9,135,17,242,8,107
264,40.70706456,-74.00731853,Maiden Ln & Pearl St,100,99,199,active,3,47,16,122,13,75
265,40.72229346,-73.99147535,Stanton St & Chrystie St,167,178,345,active,19,156,23,247,4,91
266,40.72368361,-73.97574813,Avenue D & E 8 St,43,54,97,active,13,185,2,30,-11,-155
267,40.75097711,-73.98765428,Broadway & W 36 St,95,93,188,active,3,27,3,17,0,-10
268,40.71910537,-73.99973337,Howard St & Centre St,153,153,306,active,3,35,14,152,11,117
270,40.69308257,-73.97178913,Adelphi St & Myrtle Ave,63,58,121,active,28,91,13,27,-15,-64
274,40.68691865,-73.976682,Lafayette Ave & Fort Greene Pl,43,39,82,active,14,34,18,71,4,37
275,40.68650065,-73.96563307,Washington Ave & Greene Ave,33,24,57,active,17,107,13,68,-4,-39
276,40.71748752,-74.0104554,Duane St & Greenwich St,88,84,172,active,4,52,3,23,-1,-29
278,40.69766564,-73.98476437,Concord St & Bridge St,31,22,53,active,17,114,5,17,-12,-97
279,40.707873,-74.00166999999998,Peck Slip & Front St,154,160,314,active,1,5,27,247,26,242
280,40.73331967,-73.99510132,E 10 St & 5 Ave,127,140,267,active,1,5,15,151,14,146
281,40.764397100000004,-73.97371465,Grand Army Plaza & Central Park S,187,187,374,active,0,0,12,113,12,113
282,40.7076449441757,-73.96841526031494,Kent Ave & S 11 St,59,56,115,active,20,123,16,122,-4,-1
284,40.7390169121,-74.0026376103,Greenwich Ave & 8 Ave,381,376,757,active,37,345,33,316,-4,-29
285,40.73454567,-73.99074142,Broadway & E 14 St,324,327,651,active,1,17,32,315,31,298
289,40.684568299999995,-73.95881081,Monroe St & Classon Ave,14,11,25,active,10,38,3,24,-7,-14
291,40.713126,-73.984844,Madison St & Montgomery St,0,0,0,inactive,0,0,0,0,0,0
293,40.73028666,-73.9907647,Lafayette St & E 8 St,432,439,871,active,1,21,51,482,50,461
295,40.71406667,-73.99293911,Pike St & E Broadway,91,79,170,active,22,173,16,148,-6,-25
296,40.71413089,-73.99704679999998,Division St & Bowery,85,82,167,active,5,73,10,56,5,-17
297,40.734232,-73.986923,E 15 St & 3 Ave,205,197,402,active,11,115,26,236,15,121
298,40.68683208,-73.9796772,3 Ave & Schermerhorn St,17,22,39,active,4,7,8,52,4,45
300,40.728145,-73.990214,Shevchenko Pl & E 7 St,166,157,323,active,43,415,28,312,-15,-103
301,40.72217444,-73.98368779,E 2 St & Avenue B,164,161,325,active,37,311,15,138,-22,-173
302,40.72082834,-73.97793172,Avenue D & E 3 St,43,42,85,active,23,238,2,13,-21,-225
303,40.72362738,-73.99949601,Mercer St & Spring St,133,147,280,active,0,0,15,130,15,130
304,40.70463334,-74.01361706,Broadway & Battery Pl,244,256,500,active,0,0,19,166,19,166
305,40.76095756,-73.96724467,E 58 St & 3 Ave,187,188,375,active,0,0,6,36,6,36
306,40.70823502,-74.00530063,Cliff St & Fulton St,100,105,205,active,4,51,16,155,12,104
307,40.71427487,-73.98990025,Canal St & Rutgers St,149,151,300,active,28,271,18,202,-10,-69
308,40.71307916,-73.99851193,St James Pl & Oliver St,65,58,123,active,7,53,11,123,4,70
309,40.7149787,-74.013012,Murray St & West St,149,149,298,active,0,0,8,69,8,69
310,40.68926942,-73.98912867,State St & Smith St,75,84,159,active,17,91,19,168,2,77
311,40.7172274,-73.98802084,Norfolk St & Broome St,127,133,260,active,24,225,23,222,-1,-3
312,40.722055,-73.989111,Allen St & Stanton St,146,148,294,active,25,184,20,323,-5,139
313,40.69610226,-73.96751037,Washington Ave & Park Ave,49,51,100,active,14,99,11,69,-3,-30
315,40.70355377,-74.00670227,South St & Gouverneur Ln,130,129,259,active,1,9,16,140,15,131
316,40.70955958,-74.00653609,Fulton St & William St,98,102,200,active,0,0,5,27,5,27
317,40.72453734,-73.98185424,E 6 St & Avenue B,127,128,255,active,26,209,13,116,-13,-93
319,40.711065999999995,-74.009447,Fulton St & Broadway,82,83,165,active,1,24,10,57,9,33
320,40.717571,-74.005549,Leonard St & Church St,120,119,239,active,2,27,13,121,11,94
321,40.69991755,-73.98971773,Cadman Plaza E & Red Cross Pl,54,54,108,active,6,24,12,59,6,35
322,40.696191999999996,-73.991218,Clinton St & Tillary St,59,64,123,active,4,15,16,112,12,97
323,40.69236178,-73.98631746,Lawrence St & Willoughby St,93,94,187,active,2,21,23,118,21,97
324,40.689888,-73.981013,DeKalb Ave & Hudson Ave,76,95,171,active,2,9,27,120,25,111
325,40.73624527,-73.98473765,E 19 St & 3 Ave,160,158,318,active,8,59,20,198,12,139
326,40.72953837,-73.98426726,E 11 St & 1 Ave,175,174,349,active,29,304,12,116,-17,-188
327,40.715337899999994,-74.01658354,Vesey Pl & River Terrace,292,294,586,active,3,28,14,111,11,83
328,40.72405549,-74.00965965,Watts St & Greenwich St,159,160,319,active,9,101,18,214,9,113
329,40.72043411,-74.01020609,Greenwich St & N Moore St,191,192,383,active,2,23,11,175,9,152
330,40.71450451,-74.00562789,Reade St & Broadway,92,97,189,active,0,0,8,88,8,88
331,40.71173107,-73.99193043,Pike St & Monroe St,52,50,102,active,24,250,3,26,-21,-224
332,40.71219906,-73.97948148,Cherry St,57,49,106,active,23,218,9,77,-14,-141
334,40.74238787,-73.99726235,W 20 St & 7 Ave,192,199,391,active,3,28,15,141,12,113
335,40.72903917,-73.99404649,Washington Pl & Broadway,156,156,312,active,0,0,12,106,12,106
336,40.73047747,-73.99906065,Sullivan St & Washington Sq,141,159,300,active,12,91,23,227,11,136
337,40.70379920000001,-74.00838676,Old Slip & Front St,95,97,192,active,0,0,10,39,10,39
339,40.72580614,-73.97422494,Avenue D & E 12 St,39,39,78,active,24,244,1,6,-23,-238
340,40.71269042,-73.98776323,Madison St & Clinton St,92,93,185,active,26,265,8,67,-18,-198
341,40.71782143,-73.97628939,Stanton St & Mangin St,63,68,131,active,12,87,5,29,-7,-58
342,40.71739973,-73.98016555,Columbia St & Rivington St,64,64,128,active,29,286,3,26,-26,-260
343,40.69794,-73.96986848,Clinton Ave & Flushing Ave,24,27,51,active,9,40,5,7,-4,-33
344,40.6851443,-73.95380904,Monroe St & Bedford Ave,25,23,48,active,10,82,7,46,-3,-36
345,40.73649403,-73.99704374,W 13 St & 6 Ave,180,178,358,active,4,57,11,125,7,68
346,40.73652889,-74.00618026,Bank St & Hudson St,156,154,310,active,23,258,10,120,-13,-138
347,40.728846000000004,-74.00859100000002,Greenwich St & W Houston St,229,227,456,active,5,50,27,272,22,222
348,40.72490985,-74.00154702,W Broadway & Spring St,221,225,446,active,1,11,22,184,21,173
349,40.71850211,-73.98329859,Rivington St & Ridge St,69,56,125,active,36,320,5,42,-31,-278
350,40.71559509,-73.9870295,Clinton St & Grand St,86,86,172,active,27,238,11,101,-16,-137
351,40.70530954,-74.00612572,Front St & Maiden Ln,93,89,182,active,5,62,10,80,5,18
352,40.76340613,-73.97722479,W 56 St & 6 Ave,172,176,348,active,1,6,9,86,8,80
353,40.68539567,-73.97431458,S Portland Ave & Hanson Pl,23,14,37,active,11,67,11,67,0,0
354,40.69363137,-73.96223558,Emerson Pl & Myrtle Ave,22,33,55,active,8,35,4,13,-4,-22
355,40.71602118,-73.99974372,Bayard St & Baxter St,116,120,236,active,3,24,11,92,8,68
356,40.71622644,-73.98261206,Bialystoker Pl & Delancey St,95,116,211,active,47,493,12,123,-35,-370
357,40.73261787,-73.99158043,E 11 St & Broadway,120,121,241,active,0,0,8,55,8,55
358,40.73291553,-74.00711384,Christopher St & Greenwich St,313,319,632,active,31,259,24,215,-7,-44
359,40.75510267,-73.97498696,E 47 St & Park Ave,398,398,796,active,0,0,41,196,41,196
360,40.70717936,-74.00887308,William St & Pine St,102,112,214,active,2,13,9,75,7,62
361,40.71605866,-73.99190759,Allen St & Hester St,138,147,285,active,22,234,17,186,-5,-48
362,40.75172632,-73.98753523,Broadway & W 37 St,113,114,227,active,0,0,7,88,7,88
363,40.70834698,-74.01713445,West Thames St,209,204,413,active,21,242,20,201,-1,-41
364,40.68900443,-73.96023854,Lafayette Ave & Classon Ave,42,40,82,active,16,84,12,71,-4,-13
365,40.68223166,-73.9614583,Fulton St & Grand Ave,37,31,68,active,23,150,14,41,-9,-109
366,40.693261,-73.968896,Clinton Ave & Myrtle Ave,73,73,146,active,33,216,15,67,-18,-149
367,40.75828065,-73.97069431,E 53 St & Lexington Ave,162,161,323,active,3,49,6,55,3,6
368,40.73038599,-74.00214988,Carmine St & 6 Ave,315,333,648,active,17,202,37,383,20,181
369,40.73224119,-74.00026394,Washington Pl & 6 Ave,124,110,234,active,17,158,18,190,1,32
372,40.69452800000001,-73.958089,Franklin Ave & Myrtle Ave,11,8,19,active,8,44,3,5,-5,-39
373,40.69331716,-73.95381995,Willoughby Ave & Walworth St,20,24,44,active,9,91,6,19,-3,-72
375,40.72679454,-73.99695094,Mercer St & Bleecker St S,26,30,56,active,0,0,3,32,3,32
376,40.70862144,-74.00722156,John St & William St,109,107,216,active,4,77,15,101,11,24
377,40.72243797,-74.00566443,6 Ave & Canal St,153,152,305,active,1,23,15,117,14,94
379,40.749156,-73.9916,W 31 St & 7 Ave,337,340,677,active,3,39,23,202,20,163
380,40.73401143,-74.00293877,W 4 St & 7 Ave S,203,196,399,active,30,270,18,181,-12,-89
382,40.73492695,-73.99200509,University Pl & E 14 St,279,280,559,active,2,19,38,374,36,355
383,40.735238,-74.000271,Greenwich Ave & Charles St,189,198,387,active,33,308,25,288,-8,-20
384,40.683048,-73.964915,Fulton St & Washington Ave,47,51,98,active,11,95,15,115,4,20
385,40.75797322,-73.96603308,E 55 St & 2 Ave,129,133,262,active,6,57,15,150,9,93
386,40.71494807,-74.00234482,Centre St & Worth St,113,113,226,active,0,0,16,99,16,99
387,40.71273266,-74.0046073,Centre St & Chambers St,241,242,483,active,0,0,41,337,41,337
388,40.749717753,-74.002950346,W 26 St & 10 Ave,278,281,559,active,4,31,23,248,19,217
389,40.71044554,-73.96525063,Broadway & Berry St,48,52,100,active,21,131,6,26,-15,-105
390,40.69221589,-73.9842844,Duffield St & Willoughby St,55,59,114,active,4,24,18,91,14,67
391,40.69760127,-73.99344559,Clark St & Henry St,22,16,38,active,9,62,5,53,-4,-9
392,40.695065,-73.987167,Jay St & Tech Pl,75,69,144,active,14,66,15,63,1,-3
393,40.72299208,-73.97995466,E 5 St & Avenue C,79,69,148,active,42,448,10,103,-32,-345
394,40.72521311,-73.97768752,E 9 St & Avenue C,134,126,260,active,39,455,17,130,-22,-325
395,40.68807003,-73.98410637,Bond St & Schermerhorn St,44,33,77,active,22,172,12,93,-10,-79
396,40.680342423,-73.9557689392,Lefferts Pl & Franklin Ave,41,37,78,active,20,167,10,59,-10,-108
397,40.68415748,-73.96922273,Fulton St & Clermont Ave,44,40,84,active,23,124,9,33,-14,-91
398,40.69165183,-73.99997859999998,Atlantic Ave & Furman St,58,70,128,active,15,58,20,156,5,98
399,40.68851534,-73.9647628,Lafayette Ave & St James Pl,19,22,41,active,12,61,7,25,-5,-36
400,40.71926081,-73.98178024,Pitt St & Stanton St,23,21,44,active,15,179,0,0,-15,-179
401,40.72019576,-73.98997825,Allen St & Rivington St,163,163,326,active,42,369,21,203,-21,-166
402,40.74034320000001,-73.98955109,Broadway & E 22 St,568,571,1139,active,4,22,30,254,26,232
405,40.739323,-74.008119,Washington St & Gansevoort St,81,65,146,active,21,244,1,4,-20,-240
406,40.69512845,-73.99595065,Hicks St & Montague St,52,44,96,active,27,197,8,82,-19,-115
407,40.700469,-73.991454,Henry St & Poplar St,26,19,45,active,13,58,6,15,-7,-43
408,40.71076228,-73.99400398,Market St & Cherry St,57,58,115,active,18,153,6,112,-12,-41
409,40.6906495,-73.95643107,DeKalb Ave & Skillman St,30,21,51,active,15,104,7,22,-8,-82
410,40.72066442,-73.98517977,Suffolk St & Stanton St,174,172,346,active,36,326,23,219,-13,-107
411,40.72228087,-73.97668709,E 6 St & Avenue D,52,63,115,active,12,141,13,144,1,3
412,40.71581550000001,-73.99422366,Forsyth St & Canal St,99,100,199,active,4,38,24,274,20,236
414,40.70281858,-73.98765762,Pearl St & Anchorage Pl,64,68,132,active,3,8,19,146,16,138
415,40.7047177,-74.00926027,Pearl St & Hanover Square,120,122,242,active,0,0,15,132,15,132
416,40.68753406,-73.97265183,Cumberland St & Lafayette Ave,39,36,75,active,15,93,16,89,1,-4
417,40.71291224,-74.01020234,Barclay St & Church St,210,213,423,active,0,0,26,203,26,203
418,40.70224,-73.982578,Front St & Gold St,35,46,81,active,9,81,7,83,-2,2
419,40.69580705,-73.97355569,Carlton Ave & Park Ave,22,14,36,active,18,76,5,5,-13,-71
420,40.68764484,-73.96968902,Clermont Ave & Lafayette Ave,27,30,57,active,12,91,4,24,-8,-67
421,40.69573398,-73.97129668,Clermont Ave & Park Ave,21,24,45,active,15,97,8,17,-7,-80
422,40.770513,-73.988038,W 59 St & 10 Ave,73,70,143,active,4,52,7,80,3,28
423,40.76584941,-73.98690506,W 54 St & 9 Ave,114,114,228,active,1,4,17,165,16,161
426,40.71754834,-74.01322069,West St & Chambers St,420,427,847,active,6,33,51,506,45,473
427,40.701907,-74.013942,Bus Slip & State St,112,116,228,active,1,21,7,37,6,16
428,40.72467721,-73.98783413,E 3 St & 1 Ave,183,192,375,active,20,197,18,241,-2,44
430,40.7014851,-73.98656928,York St & Jay St,113,121,234,active,3,16,25,133,22,117
432,40.72621788,-73.98379855,E 7 St & Avenue A,227,346,573,active,109,1041,26,343,-83,-698
433,40.72955361,-73.98057249,E 13 St & Avenue A,146,147,293,active,39,356,19,207,-20,-149
434,40.74317449,-74.00366443,9 Ave & W 18 St,264,269,533,active,4,24,25,231,21,207
435,40.74173969,-73.99415556,W 21 St & 6 Ave,415,423,838,active,0,0,29,289,29,289
436,40.68216564,-73.95399026,Hancock St & Bedford Ave,16,18,34,active,8,24,8,22,0,-2
437,40.6809833854,-73.9500479759,Macon St & Nostrand Ave,45,44,89,active,7,17,22,65,15,48
438,40.72779126,-73.98564945,St Marks Pl & 1 Ave,162,160,322,active,28,268,15,186,-13,-82
439,40.726280700000004,-73.98978041,E 4 St & 2 Ave,190,210,400,active,30,271,33,393,3,122
440,40.75255434,-73.97282625,E 45 St & 3 Ave,136,138,274,active,0,0,9,118,9,118
441,40.756014,-73.967416,E 52 St & 2 Ave,124,127,251,active,3,40,19,174,16,134
442,40.746646999999996,-73.993915,W 27 St & 7 Ave,207,208,415,active,1,10,20,174,19,164
443,40.70853074,-73.96408963,Bedford Ave & S 9 St,7,5,12,active,5,31,1,2,-4,-29
444,40.742354299999995,-73.98915076,Broadway & W 24 St,342,322,664,active,21,56,23,233,2,177
445,40.72740794,-73.98142006,E 10 St & Avenue A,184,185,369,active,42,393,17,157,-25,-236
446,40.74487634,-73.99529885,W 24 St & 7 Ave,245,248,493,active,2,21,20,206,18,185
447,40.76370739,-73.9851615,8 Ave & W 52 St,145,145,290,active,1,11,19,173,18,162
448,40.75660359,-73.9979009,W 37 St & 10 Ave,146,145,291,active,22,175,5,84,-17,-91
449,40.76461837,-73.98789473,W 52 St & 9 Ave,116,115,231,active,1,23,18,167,17,144
450,40.76227205,-73.98788205,W 49 St & 8 Ave,216,211,427,active,7,62,29,381,22,319
453,40.74475148,-73.99915362,W 22 St & 8 Ave,191,196,387,active,29,208,21,228,-8,20
454,40.75455731,-73.96592976,E 51 St & 1 Ave,91,90,181,active,8,91,7,49,-1,-42
455,40.75001986,-73.96905301,1 Ave & E 44 St,180,186,366,active,0,0,16,143,16,143
456,40.75971079999999,-73.97402311,E 53 St & Madison Ave,151,151,302,active,0,0,11,84,11,84
457,40.76695317,-73.98169333,Broadway & W 58 St,239,237,476,active,2,34,16,141,14,107
458,40.751396,-74.00522600000002,11 Ave & W 27 St,270,273,543,active,3,19,23,251,20,232
459,40.746745000000004,-74.007756,W 20 St & 11 Ave,323,328,651,active,1,11,42,445,41,434
460,40.71285887,-73.96590294,S 4 St & Wythe Ave,78,85,163,active,13,94,20,97,7,3
461,40.73587678,-73.98205027,E 20 St & 2 Ave,208,199,407,active,35,381,26,318,-9,-63
462,40.74691959,-74.00451887,W 22 St & 10 Ave,251,266,517,active,29,350,18,175,-11,-175
465,40.75513557,-73.98658032,Broadway & W 41 St,199,199,398,active,0,0,13,95,13,95
466,40.74395411,-73.99144871,W 25 St & 6 Ave,245,245,490,active,2,31,17,138,15,107
467,40.68312489,-73.97895137,Dean St & 4 Ave,66,76,142,active,20,136,18,126,-2,-10
468,40.7652654,-73.98192338,Broadway & W 55 St,217,218,435,active,1,16,13,133,12,117
469,40.76344058,-73.98268129,Broadway & W 53 St,144,147,291,active,0,0,5,64,5,64
470,40.74345335,-74.00004031,W 20 St & 8 Ave,179,174,353,active,21,233,19,222,-2,-11
471,40.71286844,-73.95698119,Grand St & Havemeyer St,56,67,123,active,15,126,12,121,-3,-5
472,40.74571210000001,-73.98194829,E 32 St & Park Ave,299,301,600,active,3,27,18,209,15,182
473,40.72110063,-73.99192540000001,Rivington St & Chrystie St,128,135,263,active,30,240,20,185,-10,-55
474,40.7451677,-73.98683077,5 Ave & E 29 St,216,213,429,active,3,38,12,109,9,71
475,40.73524276,-73.98758561,E 16 St & Irving Pl,172,172,344,active,6,60,20,203,14,143
476,40.74394314,-73.97966069,E 31 St & 3 Ave,144,149,293,active,5,91,15,148,10,57
477,40.75640548,-73.9900262,W 41 St & 8 Ave,361,364,725,active,3,45,32,300,29,255
478,40.76030096,-73.99884222,11 Ave & W 41 St,195,194,389,active,32,285,5,75,-27,-210
479,40.76019252,-73.9912551,9 Ave & W 45 St,217,219,436,active,2,27,21,304,19,277
480,40.76669671,-73.99061728,W 53 St & 10 Ave,179,161,340,active,30,225,13,157,-17,-68
481,40.71260486,-73.96264403,S 3 St & Bedford Ave,68,66,134,active,26,159,11,81,-15,-78
482,40.73935542,-73.99931783,W 15 St & 7 Ave,221,207,428,active,31,286,18,217,-13,-69
483,40.73223272,-73.98889957,E 12 St & 3 Ave,227,216,443,active,18,165,43,445,25,280
484,40.75500254,-73.98014437,W 44 St & 5 Ave,218,218,436,active,2,24,10,51,8,27
485,40.75038009,-73.98338988,W 37 St & 5 Ave,168,170,338,active,0,0,7,58,7,58
486,40.7462009,-73.98855723,Broadway & W 29 St,235,238,473,active,2,31,17,153,15,122
487,40.73314259,-73.97573881,E 20 St & FDR Drive,209,179,388,active,99,988,15,130,-84,-858
488,40.75645824,-73.99372222,W 39 St & 9 Ave,172,221,393,active,5,77,17,207,12,130
490,40.751551,-73.993934,8 Ave & W 33 St,304,262,566,active,47,368,30,261,-17,-107
491,40.74096374,-73.98602213,E 24 St & Park Ave S,286,285,571,active,2,16,9,124,7,108
492,40.75019995,-73.99093085,W 33 St & 7 Ave,283,292,575,active,1,10,15,138,14,128
493,40.7568001,-73.98291153,W 45 St & 6 Ave,166,166,332,active,1,11,12,83,11,72
494,40.74734825,-73.99723551,W 26 St & 8 Ave,277,274,551,active,7,62,23,230,16,168
495,40.76269882,-73.99301222,W 47 St & 10 Ave,132,147,279,active,9,84,9,101,0,17
496,40.73726186,-73.99238967,E 16 St & 5 Ave,235,236,471,active,1,4,17,142,16,138
497,40.73704984,-73.99009296,E 17 St & Broadway,477,479,956,active,3,31,39,342,36,311
498,40.74854862,-73.98808416,Broadway & W 32 St,215,215,430,active,0,0,17,167,17,167
499,40.76915505,-73.98191841,Broadway & W 60 St,227,225,452,active,2,21,18,172,16,151
500,40.76228826,-73.98336183,Broadway & W 51 St,166,167,333,active,0,0,14,84,14,84
501,40.744219,-73.97121214,FDR Drive & E 35 St,209,214,423,active,9,85,29,287,20,202
502,40.714215,-73.981346,Henry St & Grand St,90,90,180,active,29,295,5,39,-24,-256
503,40.73827428,-73.98751968,E 20 St & Park Ave,0,0,0,inactive,0,0,0,0,0,0
504,40.73221853,-73.98165557,1 Ave & E 15 St,248,252,500,active,45,493,32,377,-13,-116
505,40.74901271,-73.98848395,6 Ave & W 33 St,226,227,453,active,3,53,16,175,13,122
507,40.73912601,-73.97973776,E 25 St & 2 Ave,198,202,400,active,12,122,27,263,15,141
508,40.76341379,-73.99667444,W 46 St & 11 Ave,183,198,381,active,6,75,15,165,9,90
509,40.7454973,-74.00197139,9 Ave & W 22 St,183,198,381,active,21,248,17,146,-4,-102
510,40.7606597,-73.98042047,W 51 St & 6 Ave,198,198,396,active,0,0,9,91,9,91
511,40.72938685,-73.97772429,E 14 St & Avenue B,224,199,423,active,143,1391,11,86,-132,-1305
513,40.768254,-73.988639,W 56 St & 10 Ave,118,112,230,active,6,71,9,108,3,37
514,40.76087502,-74.00277668,12 Ave & W 40 St,382,315,697,active,106,897,34,330,-72,-567
515,40.76009437,-73.99461843,W 43 St & 10 Ave,172,196,368,active,20,136,15,144,-5,8
516,40.75206862,-73.96784384,E 47 St & 1 Ave,77,76,153,active,2,18,8,55,6,37
517,40.751581,-73.97791,Pershing Square South,200,201,401,active,0,0,12,138,12,138
518,40.74780373,-73.97344190000003,E 39 St & 2 Ave,226,226,452,active,4,36,27,297,23,261
519,40.751872999999996,-73.97770600000003,Pershing Square North,714,716,1430,active,6,69,61,558,55,489
520,40.75992262,-73.97648516,W 52 St & 5 Ave,392,392,784,active,1,3,40,342,39,339
522,40.75714758,-73.97207836,E 51 St & Lexington Ave,120,117,237,active,5,82,5,23,0,-59
523,40.75466591,-73.99138152,W 38 St & 8 Ave,305,303,608,active,3,59,20,246,17,187
524,40.75527307,-73.98316936,W 43 St & 6 Ave,190,190,380,active,1,12,12,69,11,57
525,40.75594159,-74.0021163,W 34 St & 11 Ave,107,104,211,active,7,57,9,65,2,8
526,40.74765947,-73.98490707,E 33 St & 5 Ave,191,191,382,active,2,29,10,90,8,61
527,40.744023,-73.976056,E 33 St & 2 Ave,208,219,427,active,3,53,29,302,26,249
528,40.74290902,-73.97706058,2 Ave & E 31 St,142,148,290,active,2,22,20,210,18,188
529,40.75756989999999,-73.99098507,W 42 St & 8 Ave,159,178,337,active,4,46,30,348,26,302
530,40.771522,-73.99054100000002,11 Ave & W 59 St,163,168,331,active,17,149,19,222,2,73
531,40.71893904,-73.99266288,Forsyth St & Broome St,185,171,356,active,26,318,33,377,7,59
532,40.710451,-73.960876,S 5 Pl & S 4 St,93,106,199,active,24,163,15,115,-9,-48
533,40.75299641,-73.98721619,Broadway & W 39 St,163,163,326,active,0,0,5,49,5,49
534,40.70255065,-74.0127234,Water - Whitehall Plaza,83,83,166,active,1,9,6,53,5,44
536,40.74144387,-73.97536082,1 Ave & E 30 St,207,209,416,active,3,30,10,96,7,66
537,40.74025878,-73.98409214,Lexington Ave & E 24 St,209,214,423,active,3,26,18,175,15,149
539,40.71534825,-73.96024116,Metropolitan Ave & Bedford Ave,95,96,191,active,22,109,25,132,3,23
540,40.74311555376486,-73.98215353488922,Lexington Ave & E 29 St,189,189,378,active,2,32,15,152,13,120
545,40.736502,-73.97809472,E 23 St & 1 Ave,251,236,487,active,27,248,22,218,-5,-30
546,40.74444921,-73.98303529,E 30 St & Park Ave S,201,201,402,active,3,25,10,135,7,110
3002,40.711512,-74.01575600000002,South End Ave & Liberty St,343,338,681,active,17,200,35,340,18,140
3016,40.72036775298455,-73.96165072917937,Kent Ave & N 7 St,94,95,189,active,18,107,28,132,10,25
3041,40.67890679,-73.94142771,Kingston Ave & Herkimer St,9,10,19,active,4,25,3,18,-1,-7
3042,40.6794268,-73.92989109999998,Fulton St & Utica Ave,17,19,36,active,5,39,7,30,2,-9
3043,40.6814598,-73.934903,Lewis Ave & Decatur St,4,8,12,active,3,19,2,11,-1,-8
3044,40.6800105,-73.938475,Albany Ave & Fulton St,5,7,12,active,4,24,1,1,-3,-23
3046,40.682601,-73.938037,Marcus Garvey Blvd & Macon St,15,19,34,active,6,20,8,33,2,13
3047,40.68236870000001,-73.944118,Halsey St & Tompkins Ave,15,15,30,active,7,23,4,11,-3,-12
3048,40.684020000000004,-73.94977,Putnam Ave & Nostrand Ave,16,14,30,active,6,36,3,23,-3,-13
3049,40.68488,-73.96304,Cambridge Pl & Gates Ave,18,23,41,active,11,96,3,29,-8,-67
3050,40.6851532,-73.94111,Putnam Ave & Throop Ave,18,18,36,active,9,65,0,0,-9,-65
3052,40.686312,-73.935775,Lewis Ave & Madison St,24,27,51,active,15,183,4,11,-11,-172
3053,40.6900815,-73.94791500000002,Marcy Ave & Lafayette Ave,13,7,20,active,8,29,2,14,-6,-15
3054,40.6894932,-73.942061,Greene Ave & Throop Ave,19,17,36,active,12,65,4,11,-8,-54
3055,40.68833370000001,-73.950916,Greene Ave & Nostrand Ave,9,15,24,active,4,13,2,6,-2,-7
3056,40.69072549,-73.95133465,Kosciuszko St & Nostrand Ave,8,11,19,active,3,9,3,20,0,11
3057,40.69128258,-73.9452416,Kosciuszko St & Tompkins Ave,18,16,34,active,13,74,4,10,-9,-64
3058,40.69237074,-73.93705428,Lewis Ave & Kosciuszko St,15,14,29,active,9,68,7,33,-2,-35
3059,40.693398200000004,-73.939877,Pulaski St & Marcus Garvey Blvd,9,9,18,active,6,40,3,9,-3,-31
3060,40.69425403,-73.94626915,Willoughby Ave & Tompkins Ave,15,16,31,active,7,52,4,17,-3,-35
3061,40.69622937,-73.94371094,Throop Ave & Myrtle Ave,8,10,18,active,5,25,2,14,-3,-11
3062,40.69539817,-73.94954908,Myrtle Ave & Marcy Ave,14,16,30,active,9,42,5,16,-4,-26
3063,40.69527008,-73.95238108,Nostrand Ave & Myrtle Ave,8,14,22,active,3,22,2,5,-1,-17
3064,40.69681963,-73.93756926,Myrtle Ave & Lewis Ave,36,34,70,active,16,59,13,74,-3,15
3065,40.70029511,-73.95032283,Union Ave & Wallabout St,12,15,27,active,0,0,1,4,1,4
3066,40.69957608,-73.94708417,Tompkins Ave & Hopkins St,12,15,27,active,4,10,3,12,-1,2
3067,40.7016657,-73.9437303,Broadway & Whipple St,18,19,37,active,8,66,3,19,-5,-47
3068,40.7031724,-73.940636,Humboldt St & Varet St,17,19,36,active,9,33,6,21,-3,-12
3069,40.70411791,-73.94818595,Lorimer St & Broadway,15,11,26,active,9,51,7,25,-2,-26
3070,40.70510918,-73.94407279,McKibbin St & Manhattan Ave,15,12,27,active,10,47,1,10,-9,-37
3071,40.70538077,-73.94976519,Boerum St & Broadway,11,15,26,active,4,17,4,26,0,9
3072,40.70583339,-73.94644578,Leonard St & Boerum St,16,13,29,active,10,71,1,17,-9,-54
3073,40.70691254,-73.95441667,Division Ave & Hooper St,17,17,34,active,6,34,4,12,-2,-22
3074,40.70767788,-73.94016171,Montrose Ave & Bushwick Ave,43,44,87,active,9,59,16,105,7,46
3075,40.70708701,-73.95796783,Division Ave & Marcy Ave,5,5,10,active,2,12,1,2,-1,-10
3076,40.70870368,-73.9448625,Scholes St & Manhattan Ave,20,20,40,active,9,37,4,18,-5,-19
3077,40.70877084,-73.95095259,Stagg St & Union Ave,39,33,72,active,14,108,6,24,-8,-84
3078,40.70925562,-73.95982218,Broadway & Roebling St,46,49,95,active,2,2,17,80,15,78
3079,40.71103537,-73.94714303,Leonard St & Grand St,22,30,52,active,11,89,4,18,-7,-71
3080,40.70934000000001,-73.95608,S 4 St & Rodney St,27,26,53,active,13,87,6,23,-7,-64
3081,40.711863,-73.944024,Graham Ave & Grand St,26,24,50,active,11,84,2,10,-9,-74
3082,40.71167351,-73.95141312,Hope St & Union Ave,43,34,77,active,22,145,11,77,-11,-68
3083,40.71247661,-73.94100005,Bushwick Ave & Powers St,26,33,59,active,3,43,4,30,1,-13
3084,40.71348658,-73.94792458,Devoe St & Leonard St,33,22,55,active,12,38,13,55,1,17
3085,40.714690000000004,-73.95739,Roebling St & N 4 St,0,0,0,inactive,0,0,0,0,0,0
3086,40.715143,-73.944507,Graham Ave & Conselyea St,52,60,112,active,2,14,19,160,17,146
3087,40.71413311,-73.95234386,Metropolitan Ave & Meeker Ave,62,47,109,active,21,104,25,134,4,30
3088,40.7160751,-73.95202900000002,Union Ave & Jackson St,28,29,57,active,9,63,11,88,2,25
3089,40.717318403855785,-73.9482021331787,Leonard St & Meeker Ave,8,12,20,active,7,48,1,1,-6,-47
3090,40.71774592,-73.95600096,N 8 St & Driggs Ave,107,111,218,active,1,5,29,195,28,190
3091,40.71764,-73.94882,Frost St & Meeker St,16,18,34,active,8,34,4,44,-4,10
3092,40.7190095,-73.95852515,Berry St & N 8 St,91,91,182,active,10,54,35,224,25,170
3093,40.71745169,-73.95850939,N 6 St & Bedford Ave,135,137,272,active,1,4,38,257,37,253
3094,40.7169811,-73.94485918,Graham Ave & Withers St,21,27,48,active,6,49,3,10,-3,-39
3095,40.71929301,-73.94500379,Graham Ave & Herbert St,19,23,42,active,7,78,2,33,-5,-45
3096,40.71924,-73.95241999999998,Union Ave & N 12 St,35,45,80,active,9,34,9,71,0,37
3098,40.71928,-73.94861,Leonard St & Bayard St,18,9,27,active,9,37,5,11,-4,-26
3099,40.72152240339303,-73.94898265600203,Leonard St & Manhattan Ave,12,9,21,active,6,35,1,11,-5,-24
3100,40.724812564400175,-73.94752621650694,Nassau Ave & Newell St,45,37,82,active,22,159,9,33,-13,-126
3101,40.72079821,-73.95484712,N 12 St & Bedford Ave,63,46,109,active,20,106,24,94,4,-12
3102,40.72179134,-73.95041540000003,Driggs Ave & Lorimer St,25,33,58,active,1,4,8,65,7,61
3103,40.72153267,-73.95782357,N 11 St & Wythe Ave,31,38,69,active,5,43,11,117,6,74
3105,40.724055,-73.955736,N 15 St & Wythe Ave,20,23,43,active,5,27,6,33,1,6
3106,40.72325,-73.94308000000002,Driggs Ave & N Henry St,46,52,98,active,18,141,8,69,-10,-72
3107,40.72311651,-73.95212324,Bedford Ave & Nassau Ave,83,74,157,active,15,109,18,141,3,32
3108,40.72557000000001,-73.94434,Nassau Ave & Russell St,63,62,125,active,24,150,11,55,-13,-95
3109,40.72606,-73.95621,Banker St & Meserole Ave,44,50,94,active,17,97,4,21,-13,-76
3110,40.72708584,-73.95299117,Meserole Ave & Manhattan Ave,47,59,106,active,10,55,10,62,0,7
3111,40.725848299999996,-73.95064893,Norman Ave & Leonard St,34,30,64,active,9,76,5,16,-4,-60
3112,40.72906,-73.95779,Milton St & Franklin St,81,80,161,active,12,52,21,108,9,56
3113,40.730259999999994,-73.95394,Greenpoint Ave & Manhattan Ave,56,47,103,active,11,35,17,79,6,44
3114,40.73165141,-73.96161892,India St & East River,15,10,25,active,7,10,4,4,-3,-6
3115,40.73232194,-73.9550858,India St & Manhattan Ave,42,47,89,active,13,63,16,108,3,45
3116,40.732659999999996,-73.95826,Huron St & Franklin St,51,53,104,active,26,160,6,18,-20,-142
3117,40.735640000000004,-73.95866,Franklin St & Dupont St,33,28,61,active,15,76,10,51,-5,-25
3118,40.73555,-73.95284000000002,McGuinness Blvd & Eagle St,26,28,54,active,14,96,8,31,-6,-65
3119,40.74232744,-73.95411749,Vernon Blvd & 50 Ave,103,97,200,active,8,14,41,149,33,135
3120,40.741609999999994,-73.96044,Center Blvd & Borden Ave,19,18,37,active,9,48,4,15,-5,-33
3121,40.74524768,-73.94733276,Jackson Ave & 46 Rd,15,22,37,active,11,97,2,4,-9,-93
3122,40.74436328706688,-73.95587325096129,48 Ave & 5 St,21,29,50,active,11,79,6,29,-5,-50
3123,40.74469738,-73.93540375,31 St & Thomson Ave,5,8,13,active,0,0,1,2,1,2
3124,40.74731,-73.95451,46 Ave & 5 St,54,54,108,active,27,150,13,34,-14,-116
3125,40.74708586,-73.94977234,45 Rd & 11 St,39,33,72,active,9,26,15,77,6,51
3126,40.74718234,-73.9432635,44 Dr & Jackson Ave,31,40,71,active,3,7,10,51,7,44
3127,40.74966,-73.9521,9 St & 44 Rd,11,10,21,active,6,18,3,5,-3,-13
3128,40.75052534,-73.94594845,21 St & 43 Ave,9,12,21,active,3,22,1,2,-2,-20
3129,40.75110165,-73.94073717,Queens Plaza North & Crescent St,65,76,141,active,6,32,14,105,8,73
3131,40.76712840349542,-73.96224617958069,E 68 St & 3 Ave,40,41,81,active,0,0,4,65,4,65
3132,40.76350532,-73.97109243,E 59 St & Madison Ave,106,107,213,active,0,0,7,64,7,64
3134,40.76312584,-73.96526895,3 Ave & E 62 St,98,75,173,active,23,256,13,125,-10,-131
3135,40.77112927,-73.95772297,E 75 St & 3 Ave,104,99,203,active,40,406,5,70,-35,-336
3136,40.76650452,-73.97147595,5 Ave & E 63 St,0,0,0,inactive,0,0,0,0,0,0
3137,40.77282817,-73.96685276,5 Ave & E 73 St,163,167,330,active,0,0,28,268,28,268
3138,40.774405455003,-73.96175265312193,E 77 St & Park Ave,43,43,86,active,0,0,2,17,2,17
3139,40.77118287540658,-73.96409422159195,E 72 St & Park Ave,87,71,158,active,25,208,5,48,-20,-160
3140,40.77140426,-73.9535166,1 Ave & E 78 St,157,158,315,active,51,445,19,178,-32,-267
3141,40.76500525,-73.95818491,1 Ave & E 68 St,268,272,540,active,4,48,27,229,23,181
3142,40.761227399999996,-73.96094022,1 Ave & E 62 St,132,140,272,active,2,19,26,279,24,260
3143,40.77682863439968,-73.96388769149779,5 Ave & E 78 St,169,174,343,active,0,0,16,197,16,197
3144,40.77677702,-73.95900970000002,E 81 St & Park Ave,53,45,98,active,29,326,2,6,-27,-320
3145,40.77862688,-73.95772073,E 84 St & Park Ave,149,140,289,active,53,523,12,101,-41,-422
3146,40.77573034,-73.9567526,E 81 St & 3 Ave,75,82,157,active,32,373,5,64,-27,-309
3147,40.77801203,-73.95407149,E 85 St & 3 Ave,163,166,329,active,36,309,24,269,-12,-40
3148,40.77565541,-73.95068615,E 84 St & 1 Ave,91,91,182,active,31,316,23,249,-8,-67
3150,40.77536905,-73.94803392,E 85 St & York Ave,88,90,178,active,52,639,7,65,-45,-574
3151,40.7728384,-73.94989233,E 81 St & York Ave,75,71,146,active,42,435,6,54,-36,-381
3152,40.76873687,-73.96119945,3 Ave & E 71 St,32,30,62,active,2,13,3,51,1,38
3153,40.76817546742245,-73.95910263061523,E 71 St & 2 Ave,60,58,118,active,11,102,8,98,-3,-4
3154,40.77314236,-73.95856158,E 77 St & 3 Ave,74,75,149,active,5,46,11,110,6,64
3155,40.76440023,-73.96648977,Lexington Ave & E 63 St,123,126,249,active,0,0,14,144,14,144
3156,40.76663814,-73.95348296,E 72 St & York Ave,173,163,336,active,18,198,19,176,1,-22
3157,40.77518615,-73.94446054,East End Ave & E 86 St,65,70,135,active,33,336,7,49,-26,-287
3158,40.77163851,-73.98261428,W 63 St & Broadway,160,143,303,active,20,143,22,195,2,52
3159,40.77492513,-73.98266566,W 67 St & Broadway,157,133,290,active,25,239,17,163,-8,-76
3160,40.77896784,-73.97374737,Central Park West & W 76 St,95,77,172,active,25,195,13,116,-12,-79
3161,40.7801839724239,-73.97728532552719,W 76 St & Columbus Ave,85,97,182,active,27,297,12,135,-15,-162
3162,40.78339981,-73.98093133,W 78 St & Broadway,79,85,164,active,32,357,8,70,-24,-287
3163,40.7734066,-73.97782542,Central Park West & W 68 St,158,122,280,active,37,299,10,143,-27,-156
3164,40.7770575,-73.97898475,Columbus Ave & W 72 St,188,140,328,active,60,609,11,133,-49,-476
3165,40.77579376683666,-73.97620573639871,Central Park West & W 72 St,169,130,299,active,48,434,20,167,-28,-267
3166,40.78057799010335,-73.98562431335448,Riverside Dr & W 72 St,81,83,164,active,37,393,9,93,-28,-300
3167,40.779668090073116,-73.98093044757842,Amsterdam Ave & W 73 St,137,136,273,active,26,224,14,171,-12,-53
3168,40.78472675,-73.96961715,Central Park West & W 85 St,188,191,379,active,28,259,16,173,-12,-86
3169,40.78720869,-73.98128127,Riverside Dr & W 82 St,0,0,0,inactive,0,0,0,0,0,0
3170,40.78499979,-73.97283406,W 84 St & Columbus Ave,139,139,278,active,34,364,13,99,-21,-265
3171,40.78524672,-73.97667321,Amsterdam Ave & W 82 St,105,110,215,active,34,332,6,47,-28,-285
3172,40.7785669,-73.97754961,W 74 St & Columbus Ave,92,84,176,active,17,145,9,100,-8,-45
3173,40.777507027547976,-73.98888587951659,Riverside Blvd & W 67 St,127,136,263,active,53,528,9,100,-44,-428
3175,40.77748046,-73.98288594,W 70 St & Amsterdam Ave,113,113,226,active,19,184,20,278,1,94
3176,40.77452835,-73.98753759,W 64 St & West End Ave,92,84,176,active,22,216,15,173,-7,-43
3177,40.7867947,-73.977112,W 84 St & Broadway,162,162,324,active,62,622,14,178,-48,-444
3178,40.78414472,-73.98362492,Riverside Dr & W 78 St,91,101,192,active,49,494,6,29,-43,-465
3179,40.698617,-73.941342,Park Ave & Marcus Garvey Blvd,15,11,26,active,9,29,8,29,-1,0
3180,40.69878,-73.99712,Brooklyn Bridge Park - Pier 2,26,37,63,active,6,12,9,38,3,26
3182,40.686931,-74.016966,Yankee Ferry Terminal,1,1,2,active,1,1,1,1,0,0
3221,40.743,-73.93561,47 Ave & 31 St,20,23,43,active,3,12,3,7,0,-5
3222,40.68515959989177,-73.97711366415024,Hanson Pl & St Felix St,99,106,205,active,15,100,28,191,13,91
3223,40.758996559605116,-73.96865397691727,E 55 St & 3 Ave,134,137,271,active,1,8,16,120,15,112
3224,40.73997354103409,-74.00513872504234,W 13 St & Hudson St,270,265,535,active,8,64,36,320,28,256
3226,40.78275,-73.97137,W 82 St & Central Park West,72,95,167,active,21,268,5,65,-16,-203
3230,40.751283596962296,-73.99692445993422,Penn Station Valet,346,187,533,active,320,3372,4,4,-316,-3368
3231,40.76780080148132,-73.96592080593109,E 67 St & Park Ave,58,60,118,active,1,7,9,102,8,95
3232,40.68962188790333,-73.98304268717766,Bond St & Fulton St,24,35,59,active,5,33,5,40,0,7
3233,40.75724567911726,-73.97805914282799,E 48 St & 5 Ave,206,206,412,active,0,0,6,50,6,50
3235,40.752165280621966,-73.97992193698882,E 41 St & Madison Ave,106,107,213,active,0,0,4,13,4,13
3236,40.75898481399634,-73.99379968643187,W 42 St & Dyer Ave,259,106,365,active,196,1930,7,47,-189,-1883
3237,40.75383343437622,-73.94267678260802,21 St & 41 Ave,10,11,21,active,3,15,1,4,-2,-11
3238,40.77391390238118,-73.9543953537941,E 80 St & 2 Ave,74,73,147,active,36,338,5,42,-31,-296
3241,40.686203000000006,-73.944694,Monroe St & Tompkins Ave,14,16,30,active,10,41,2,2,-8,-39
3242,40.69102925677968,-73.99183362722397,Schermerhorn St & Court St,65,82,147,active,10,96,15,129,5,33
3243,40.75892386377695,-73.96226227283478,E 58 St & 1 Ave,66,66,132,active,6,61,18,156,12,95
3244,40.73143724085228,-73.99490341544151,University Pl & E 8 St,130,133,263,active,5,38,13,103,8,65
3246,40.694281141397326,-73.99230033159256,Montague St & Clinton St,55,48,103,active,16,108,15,64,-1,-44
3249,40.680356084043396,-73.94767910242079,Verona Pl & Fulton St,16,20,36,active,5,16,9,36,4,20
3254,40.69231660719192,-74.01486575603484,Soissons Landing,5,6,11,active,3,5,3,5,0,0
3255,40.7505853470215,-73.9946848154068,8 Ave & W 31 St,307,306,613,active,3,59,22,263,19,204
3256,40.7277140777778,-74.01129573583603,Pier 40 - Hudson River Park,183,186,369,active,1,5,21,216,20,211
3259,40.74937024193277,-73.99923384189607,9 Ave & W 28 St,0,0,0,inactive,0,0,0,0,0,0
3260,40.72706363348306,-73.99662137031554,Mercer St & Bleecker St,0,0,0,inactive,0,0,0,0,0,0
2000,40.70255088,-73.98940236,Front St & Washington St,111,111,222,active,12,71,26,178,14,107
2001,40.699773,-73.979927,Sands St & Navy St,12,11,23,active,7,22,2,8,-5,-14
2002,40.716887,-73.96319799999998,Wythe Ave & Metropolitan Ave,121,120,241,active,21,116,23,143,2,27
2003,40.73381219196632,-73.9805442094803,1 Ave & E 18 St,165,168,333,active,36,311,16,153,-20,-158
2004,40.724399,-74.004704,6 Ave & Broome St,127,128,255,active,0,0,18,153,18,153
2005,40.70531194,-73.97100056,Railroad Ave & Kay Ave,0,1,1,active,0,0,0,0,0,0
2006,40.76590936,-73.97634151,Central Park S & 6 Ave,233,233,466,active,2,20,28,281,26,261
2008,40.70569254,-74.01677685,Little West St & 1 Pl,214,220,434,active,2,22,25,242,23,220
2009,40.71117444,-73.99682619,Catherine St & Monroe St,75,80,155,active,29,278,5,59,-24,-219
2010,40.72165481,-74.00234737,Grand St & Greene St,123,120,243,active,5,72,11,89,6,17
2012,40.739445,-73.97680600000002,E 27 St & 1 Ave,154,172,326,active,3,38,10,139,7,101
2017,40.75022392,-73.97121414,E 43 St & 2 Ave,68,71,139,active,0,0,8,67,8,67
2021,40.75929124,-73.98859651,W 45 St & 8 Ave,153,156,309,active,1,13,14,160,13,147
2022,40.759107,-73.959223,E 60 St & York Ave,42,39,81,active,5,43,3,35,-2,-8
2023,40.75968085,-73.97031366,E 55 St & Lexington Ave,93,94,187,active,0,0,6,54,6,54
